14 14
70 62 191 74 129 97 101 63 27 0 46 116 61 123
102 58 59 17 11 158 3 81 163 115 170 14 189 37
103 185 4 45 124 25 153 193 142 94 190 23 105 66
79 120 156 195 179 60 155 80 119 134 180 110 192 157
130 182 194 29 118 67 171 166 188 64 165 24 178 82
20 108 150 88 69 57 91 117 138 167 176 6 2 40
12 93 35 173 131 41 187 127 47 38 15 128 42 160
30 145 44 54 122 107 99 144 174 65 53 7 140 83
71 162 55 9 8 1 133 48 75 126 39 77 113 104
139 68 135 159 36 32 183 84 186 100 5 161 22 125
50 92 184 43 86 137 95 26 72 56 76 10 34 28
168 149 154 109 18 181 31 164 147 90 89 33 98 52
148 13 152 87 21 141 132 143 175 106 177 112 169 73
85 172 146 49 121 111 19 16 136 96 78 151 114 51
