14 14
30 46 22 163 137 134 168 131 85 21 195 159 120 31
149 187 171 152 99 44 62 194 179 107 25 92 65 74
40 182 189 154 23 153 50 128 170 16 78 33 172 144
59 160 119 70 81 126 96 3 127 145 10 0 136 165
82 86 43 53 164 73 14 28 180 67 72 125 191 27
47 49 147 143 19 148 51 83 98 133 188 64 161 2
55 105 193 112 183 146 155 1 41 118 157 104 95 192
178 109 116 80 15 24 184 8 102 42 142 57 38 124
36 135 176 185 106 140 91 87 20 66 113 111 7 94
174 122 26 114 54 71 79 34 121 181 69 35 88 101
77 58 6 123 32 117 103 29 175 150 13 45 63 68
173 167 130 61 11 9 169 97 5 75 56 39 190 110
100 76 89 158 17 141 52 177 48 151 156 186 90 129
166 108 138 4 60 132 93 139 37 115 12 162 84 18
