17 17
115 31 198 273 76 80 278 137 135 280 164 4 192 258 134 141 194
39 150 205 70 163 6 255 29 16 243 65 48 59 45 38 0 35
67 196 230 233 78 152 168 219 185 74 215 108 197 100 86 109 14
42 183 156 128 250 126 237 225 234 157 170 236 73 19 275 235 125
244 176 217 169 10 279 17 116 174 240 172 50 62 193 5 218 60
136 238 37 241 256 212 46 195 249 286 257 129 272 77 166 2 220
104 102 208 261 287 178 93 270 51 277 32 224 132 57 33 98 83
210 187 113 27 43 229 200 161 44 75 148 209 40 41 180 121 182
47 103 146 23 127 56 24 21 269 248 274 84 207 107 30 226 167
276 71 171 3 206 252 143 18 288 251 142 52 281 97 245 259 8
53 162 90 155 246 34 61 160 105 222 264 165 112 202 9 260 144
282 72 145 101 159 214 11 147 266 271 263 26 1 268 99 118 92
242 110 213 68 20 15 284 82 189 28 232 96 228 184 139 106 89
227 49 122 13 12 254 154 88 283 181 199 204 130 153 186 36 138
177 25 131 175 81 201 158 231 285 114 216 123 119 221 211 188 262
55 190 223 203 253 267 124 247 66 94 58 149 64 151 69 85 191
239 22 95 111 117 265 179 7 87 79 91 63 140 173 133 54 120
